4
   0.01  0.85  0.07  0.07

4 3
   0.00  0.00  0.500
   0.85  0.04  0.075
   0.20 -0.26  0.400
  -0.15  0.28  0.575

4 3
   0.00  0.16  0.000
  -0.04  0.85  0.180
   0.23  0.22  0.045
   0.26  0.24 -0.086


Barnsley's original black spleenwort fern

3   
  .33 .33 .34 
3 3 
  .50 .00 .00 
  .50 .00 .50 
  .50 .00 .25 
3 3 
  .00 .50 .00 
  .00 .50 .00 
  .00 .50 .433 

sierpinski

6
   0.1  0.1  0.2  0.2  0.2  0.2 

6 3
   0.00  0.00  0.550
  -0.05  0.00  0.525
   0.46 -0.15  0.270
   0.47 -0.15  0.265
   0.43  0.28  0.285
   0.42  0.26  0.290

6 3
   0.00  0.60  0.000
  -0.50  0.00  0.750
   0.39  0.38  0.105
   0.17  0.42  0.465
  -0.25  0.45  0.625
  -0.35  0.31  0.525

a tree

